Median = 541
table of frequencies:
[22, 4]
[46, 2]
[47, 1]
[51, 3]
[71, 1]
[77, 1]
[79, 2]
[80, 1]
[91, 1]
[97, 1]
[99, 1]
[103, 1]
[119, 2]
[146, 1]
[147, 1]
[154, 1]
[162, 2]
[168, 1]
[193, 1]
[198, 1]
[225, 1]
[250, 1]
[251, 1]
[255, 1]
[269, 1]
[288, 1]
[317, 1]
[354, 1]
[355, 1]
[359, 1]
[361, 1]
[362, 1]
[382, 1]
[384, 1]
[414, 1]
[429, 1]
[447, 1]
[450, 1]
[498, 1]
[503, 1]
[529, 1]
[535, 1]
[548, 1]
[553, 1]
[566, 1]
[569, 1]
[571, 1]
[587, 1]
[589, 1]
[607, 2]
[612, 2]
[613, 1]
[615, 1]
[636, 1]
[642, 1]
[657, 1]
[660, 1]
[676, 1]
[685, 1]
[687, 1]
[688, 1]
[694, 1]
[702, 1]
[707, 1]
[736, 1]
[738, 1]
[763, 1]
[768, 1]
[775, 1]
[777, 1]
[782, 1]
[784, 1]
[813, 1]
[817, 1]
[820, 1]
[821, 1]
[824, 1]
[832, 1]
[834, 1]
[858, 1]
[878, 1]
[879, 1]
[880, 1]
[923, 1]
[928, 1]
[945, 1]
[976, 1]
[984, 1]
[999, 1]

table of cumulative frequencies:
[22, 4]
[46, 6]
[47, 7]
[51, 10]
[71, 11]
[77, 12]
[79, 14]
[80, 15]
[91, 16]
[97, 17]
[99, 18]
[103, 19]
[119, 21]
[146, 22]
[147, 23]
[154, 24]
[162, 26]
[168, 27]
[193, 28]
[198, 29]
[225, 30]
[250, 31]
[251, 32]
[255, 33]
[269, 34]
[288, 35]
[317, 36]
[354, 37]
[355, 38]
[359, 39]
[361, 40]
[362, 41]
[382, 42]
[384, 43]
[414, 44]
[429, 45]
[447, 46]
[450, 47]
[498, 48]
[503, 49]
[529, 50]
[535, 51]
[548, 52]
[553, 53]
[566, 54]
[569, 55]
[571, 56]
[587, 57]
[589, 58]
[607, 60]
[612, 62]
[613, 63]
[615, 64]
[636, 65]
[642, 66]
[657, 67]
[660, 68]
[676, 69]
[685, 70]
[687, 71]
[688, 72]
[694, 73]
[702, 74]
[707, 75]
[736, 76]
[738, 77]
[763, 78]
[768, 79]
[775, 80]
[777, 81]
[782, 82]
[784, 83]
[813, 84]
[817, 85]
[820, 86]
[821, 87]
[824, 88]
[832, 89]
[834, 90]
[858, 91]
[878, 92]
[879, 93]
[880, 94]
[923, 95]
[928, 96]
[945, 97]
[976, 98]
[984, 99]
[999, 100]

mode = 22
dispersion = 0.956904995103
standard deviation = 299.8528656026168
quartile deviation = 287.0