P25=36.0
P75=78.0
P90=91.0
average=57.96
standard deviation = 25.280615003387382
Z-scores=[-1.8971057465798906, -1.8179937471395282, -1.7388817476991658, -1.7388817476991658, -1.6993257479789845, -1.6597697482588034, -1.6597697482588034, -1.5411017490982597, -1.5411017490982597, -1.422433749937716, -1.422433749937716, -1.422433749937716, -1.422433749937716, -1.422433749937716, -1.3037657507771725, -1.3037657507771725, -1.3037657507771725, -1.2642097510569912, -1.1850977516166288, -1.0664297524560853, -0.9082057535753605, -0.9082057535753605, -0.9082057535753605, -0.8686497538551793, -0.8686497538551793, -0.7895377544148169, -0.7895377544148169, -0.6708697552542733, -0.6313137555340921, -0.5522017560937297, -0.5126457563735484, -0.4730897566533672, -0.4730897566533672, -0.433533756933186, -0.3544217574928236, -0.3148657577726424, -0.2753097580524612, -0.2753097580524612, -0.2753097580524612, -0.23575375833228, -0.1961977586120988, -0.1566417588919176, -0.1170857591717364, -0.07752975945155519, -0.07752975945155519, -0.03797375973137399, 0.0015822399888072143, 0.0015822399888072143, 0.08069423942916962, 0.08069423942916962, 0.12025023914935082, 0.12025023914935082, 0.12025023914935082, 0.12025023914935082, 0.19936223858971322, 0.23891823830989442, 0.27847423803007565, 0.31803023775025685, 0.35758623747043805, 0.39714223719061925, 0.39714223719061925, 0.39714223719061925, 0.43669823691080045, 0.47625423663098165, 0.47625423663098165, 0.5158102363511629, 0.5949222357915253, 0.5949222357915253, 0.7135902349520689, 0.7135902349520689, 0.7531462346722501, 0.7531462346722501, 0.7531462346722501, 0.7927022343924313, 0.7927022343924313, 0.8322582341126125, 0.8322582341126125, 0.8718142338327937, 0.9113702335529749, 0.9113702335529749, 0.9509262332731561, 0.9509262332731561, 0.9509262332731561, 0.9904822329933373, 0.9904822329933373, 1.0695942324336998, 1.1487062318740622, 1.1487062318740622, 1.1882622315942433, 1.306930230754787, 1.346486230474968, 1.346486230474968, 1.4255982299153305, 1.5442662290758742, 1.5442662290758742, 1.5838222287960553, 1.6233782285162366, 1.6233782285162366, 1.6629342282364177, 1.6629342282364177]
a and b needed to scale grades to 95:
a=0.1189343482397716
b=88.10656517602284
function:
y=0.1189343482397716*x+88.10656517602284
resulting data:
89
90
90
90
90
90
90
90
90
91
91
91
91
91
91
91
91
91
91
92
92
92
92
92
92
93
93
93
93
93
93
94
94
94
94
94
94
94
94
94
94
95
95
95
95
95
95
95
95
95
95
95
95
95
96
96
96
96
96
96
96
96
96
96
96
97
97
97
97
97
97
97
97
97
97
98
98
98
98
98
98
98
98
98
98
98
98
98
99
99
99
99
99
100
100
100
100
100
100
100